14409 4 4
14409.0011447668 4.00000005960464 4
14408.9998569489 4 4.00000005960464
2427.0007218013 3.0077173545084 4.12399657840521
2427.27586964433 3.00776378305203 4.12399657840521
2427.04642968385 3.0077173545084 4.12395014986179
405.523042483553 2.65856767219117 5.061063544709
405.523395476396 2.65856783733177 5.061063544709
405.523662305112 2.65856767219117 5.06106200049753
18.852595859826 2.5416751281284 6.05420811280698
18.8526152680369 2.54167517481033 6.05420811280698
18.8526204495897 2.5416751281284 6.05420780990613
2.84051441962294 2.66012032688462 7.04716870361187
2.84051513865604 2.66012034787601 7.04716870361187
2.84051507647242 2.66012032688462 7.04716859064052
2.48499908726775 2.57408306020315 6.63442510705861
2.48499897180261 2.57408308072735 6.63442510705861
2.48499890654432 2.57408306020315 6.63442500101835
2.23171387499995 2.49322529355616 6.22063565658095
2.23171389813452 2.49322527776234 6.22063565658095
2.23171394673673 2.49322529355616 6.22063573694331
3.18819981882229 2.16814291013048 4.56580139054517
2.00271923598972 2.41024572529345 5.79748351129874
2.00271903788456 2.41024571134015 5.79748351129874
2.00271906838621 2.41024572529345 5.7974835823117
1.87488581341786 2.32570486220434 5.37464052711412
1.8748862175444 2.32570487390957 5.37464052711412
1.87488621606106 2.32570486220434 5.37464046835572
1.77194941802471 2.28314764431013 5.17733979194874
1.77194978625268 2.28314765485593 5.17733979194874
1.77194978520545 2.28314764431013 5.17733974012131
1.35702729115837 2.14013710663146 4.55628815964425
1.35702768617653 2.14013712400338 4.55628815964425
1.35702767445981 2.14013710663146 4.55628807945136
1.09789703482656 2.03705713007535 4.13463193362799
1.09789732143129 2.0370571501571 4.13463193362799
1.09789730473044 2.03705713007535 4.13463184347891
1.01924727542037 1.8538853260432 3.38302735204421
1.01924831881338 1.85388535109437 3.38302735204421
1.01924844299471 1.8538853260432 3.38302724366152
0.581565419823423 1.74780248284485 3.06976573174261
0.581565267411241 1.74780249985936 3.06976573174261
0.581565227744229 1.74780248284485 3.06976566751145
0.444453405870903 1.66108752452052 2.7505997429878
0.627763053014806 1.55787607383276 2.37071621024858
0.444453318135735 1.66108751206573 2.7505997429878
0.444453328011863 1.66108752452052 2.75059978819162
0.432204339079103 1.57014202898587 2.43261337658669
0.432204537298718 1.57014203812116 2.43261337658669
0.432204550535084 1.57014202898587 2.4326133442862
0.370760902599652 1.59416376194655 2.52804257265558
0.370760978978909 1.59416376983763 2.52804257265558
0.370760973781276 1.59416376194655 2.52804254592681
0.319933932826664 1.56236436962762 2.43491591822766
0.319933985196871 1.56236438028069 2.43491591822766
0.319933975376 1.56236436962762 2.4349158831587
0.226426181784971 1.46096632870195 2.12261743440357
0.226426253464184 1.46096633786724 2.12261743440357
0.226426249277123 1.46096632870195 2.12261740581778
0.202680079081161 1.34687729816498 1.7853806830364
0.202680219425044 1.34687730685247 1.7853806830364
0.20268023064888 1.34687729816498 1.78538065662884
0.132696814517111 1.36115347606259 1.8479796034875
0.132696839242559 1.36115348352461 1.8479796034875
0.132696834758108 1.36115347606259 1.84797958222234
0.11559815544859 1.33837980224104 1.78794799616539
0.0942763387083677 1.30552278886696 1.70133661584505
0.0942763551580548 1.3055227963257 1.70133661584505
0.0942763511546709 1.30552278886696 1.7013365954623
0.145841796497492 1.14338545857988 1.27193505201709
0.0700230538857207 1.25290301282378 1.56197935566806
0.0700230836345631 1.25290301957238 1.56197935566806
0.0700230819629396 1.25290301282378 1.5619793376389
0.050474997608513 1.19763691218482 1.42365023756549
0.0504750266355076 1.19763691744957 1.42365023756549
0.0504750266101868 1.19763691218482 1.42365022399294
0.0254004607508557 1.14987740582897 1.31679843223845
0.0254004725858717 1.14987741006709 1.31679843223845
0.0254004720429868 1.14987740582897 1.31679842182062
0.0124750739691282 1.10278090821468 1.21175405121004
0.0124750818530893 1.10278091190919 1.21175405121004
0.0124750817214771 1.10278090821468 1.2117540423435
0.00518495430998317 1.0673871189551 1.14185284029905
0.00518495116240475 1.06738712227304 1.14185284029905
0.00518495044203541 1.0673871189551 1.1418528326777
0.00138142379516965 1.03519024694771 1.070422727336
0.00138142312021867 1.03519024575451 1.070422727336
0.00138142316858988 1.03519024694771 1.07042272995522
0.000700982338390761 1.01392913597314 1.02580071219833
0.000700982985436044 1.01392913666073 1.02580071219833
0.00070098300099226 1.01392913597314 1.02580071072692
0.000155290559973964 1.00964116275587 1.01858572993468
0.000155290846152639 1.00964116360218 1.01858572993468
0.000155290751749866 1.00964116275587 1.01858572872022
4.06239813522275e-05 1.00571032336244 1.01117012577589
4.06240575903806e-05 1.00571032397079 1.01117012577589
4.06240292658011e-05 1.00571032336244 1.01117012492975
6.14467659063133e-07 1.00054118351962 1.00102595118431
6.14476547505007e-07 1.00054118389342 1.00102595118431
6.14473420936595e-07 1.00054118351962 1.00102595067629
3.69739453786383e-09 1.00006044054053 1.00012155058394
3.69736997822924e-09 1.00006044070943 1.00012155058394
3.69736326913365e-09 1.00006044054053 1.00012155034909
4.49056447988222e-11 0.99999518579451 0.999989905467687
4.49033521330982e-11 0.999995185781544 0.999989905467687
4.49033208763925e-11 0.99999518579451 0.999989905492615
1.53321452903865e-14 0.99999998191769 0.999999976084942
1.52620696185155e-14 0.999999981931904 0.999999976084942
1.52815670126048e-14 0.99999998191769 0.99999997606428
2.35353030472014e-18 1.00000000068678 1.00000000123637
2.22357222878115e-18 1.00000000068443 1.00000000123637
2.26370447346526e-18 1.00000000068678 1.00000000123969
2.35353030472014e-18 1.00000000068678 1.00000000123637
